<?xml version="1.0"?>
<opencv_storage>
<calibration_time>"04/21/16 10:54:35"</calibration_time>
<image_width>320</image_width>
<image_height>240</image_height>
<board_width>9</board_width>
<board_height>6</board_height>
<square_size>1.</square_size>
<flags>0</flags>
<camera_matrix type_id="opencv-matrix">
  <rows>3</rows>
  <cols>3</cols>
  <dt>d</dt>
  <data>
    2.7694318943551025e+002 0. 1.5620777823925997e+002 0.
    2.7652341357250407e+002 1.0476401191090558e+002 0. 0. 1.</data></camera_matrix>
<distortion_coefficients type_id="opencv-matrix">
  <rows>5</rows>
  <cols>1</cols>
  <dt>d</dt>
  <data>
    -4.2563483796072649e-001 3.0642466612286712e-001
    3.7939958935323918e-003 1.6974882787613866e-003
    -1.7651322659672242e-001</data></distortion_coefficients>
<avg_reprojection_error>1.2541666030417681e-001</avg_reprojection_error>
</opencv_storage>
